111111111111111111111111
111111111111111111111111
111111111111111111111111
111111111111111111111111
000000000000000000001111
000000000000000000001111
000000000000000000111100
000000000000000000111100
000000000000000011110000
000000000000000011110000
000000000000001111000000
000000000000001111000000
000000000000111100000000
000000000000111100000000
000000000011110000000000
000000000011110000000000
000000001111000000000000
000000001111000000000000
000000111100000000000000
000000111100000000000000
000011110000000000000000
000011110000000000000000
111111111111111111111111
111111111111111111111111
